21.908296585083008
28.100032806396484
129.1156768798828
92.7733154296875
19.358911514282227
26.921483993530273
9.958030700683594
3.485527753829956
0.2707681655883789
0.686604917049408
0.16008442640304565
0.04360708221793175
0.013849017210304737
0.00513360183686018
0.0021392942871898413
0.0009819255210459232
0.0004841555783059448
0.00025627569993957877
0.00014116363308858126
8.19601773400791e-05
5.057284943177365e-05
3.215580727555789e-05
1.9336684999871068e-05
1.1010638445441145e-05
5.670200607710285e-06
2.910940565925557e-06
5.864857257620315e-07
-5.115907697472721e-13
-5.115907697472721e-13
-5.115907697472721e-13
-5.115907697472721e-13
-5.115907697472721e-13
-5.115907697472721e-13
-5.115907697472721e-13
-5.115907697472721e-13
-5.115907697472721e-13
-5.115907697472721e-13
-5.115907697472721e-13
-5.115907697472721e-13
-5.115907697472721e-13
-5.115907697472721e-13
-5.115907697472721e-13
-5.115907697472721e-13
-5.115907697472721e-13
-5.115907697472721e-13
-5.115907697472721e-13
-5.115907697472721e-13
-5.115907697472721e-13
-5.115907697472721e-13
-5.115907697472721e-13
-5.115907697472721e-13
-5.115907697472721e-13
-5.115907697472721e-13
-5.115907697472721e-13
-5.115907697472721e-13
-5.115907697472721e-13
-5.115907697472721e-13
-5.115907697472721e-13
-5.115907697472721e-13
-5.115907697472721e-13
-5.115907697472721e-13
-5.115907697472721e-13
-5.115907697472721e-13
-5.115907697472721e-13
-5.115907697472721e-13
-5.115907697472721e-13
-5.115907697472721e-13
-5.115907697472721e-13
-5.115907697472721e-13
-5.115907697472721e-13
-5.115907697472721e-13
-5.115907697472721e-13
-5.115907697472721e-13
-5.115907697472721e-13
-5.115907697472721e-13
-5.115907697472721e-13
-5.115907697472721e-13
-5.115907697472721e-13
-5.115907697472721e-13
-5.115907697472721e-13
-5.115907697472721e-13
-5.115907697472721e-13
-5.115907697472721e-13
-5.115907697472721e-13
-5.115907697472721e-13
-5.115907697472721e-13
-5.115907697472721e-13
-5.115907697472721e-13
-5.115907697472721e-13
-5.115907697472721e-13
-5.115907697472721e-13
-5.115907697472721e-13
-5.115907697472721e-13
-5.115907697472721e-13
-5.115907697472721e-13
-5.115907697472721e-13
-5.115907697472721e-13
-5.115907697472721e-13
-5.115907697472721e-13
-5.115907697472721e-13
-5.115907697472721e-13
-5.115907697472721e-13
-5.115907697472721e-13
-5.115907697472721e-13
-5.115907697472721e-13
-5.115907697472721e-13
-5.115907697472721e-13
-5.115907697472721e-13
-5.115907697472721e-13
-5.115907697472721e-13
-5.115907697472721e-13
-5.115907697472721e-13
-5.115907697472721e-13
-5.115907697472721e-13
-5.115907697472721e-13
-5.115907697472721e-13
-5.115907697472721e-13
-5.115907697472721e-13
-5.115907697472721e-13
-5.115907697472721e-13
-5.115907697472721e-13
-5.115907697472721e-13
-5.115907697472721e-13
-5.115907697472721e-13
-5.115907697472721e-13
-5.115907697472721e-13
-5.115907697472721e-13
-5.115907697472721e-13
-5.115907697472721e-13
-5.115907697472721e-13
-5.115907697472721e-13
-5.115907697472721e-13
-5.115907697472721e-13
-5.115907697472721e-13
-5.115907697472721e-13
-5.115907697472721e-13
-5.115907697472721e-13
-5.115907697472721e-13
-5.115907697472721e-13
-5.115907697472721e-13
-5.115907697472721e-13
-5.115907697472721e-13
-5.115907697472721e-13
-5.115907697472721e-13
-5.115907697472721e-13
-5.115907697472721e-13
-5.115907697472721e-13
-5.115907697472721e-13
-5.115907697472721e-13
-5.115907697472721e-13
-5.115907697472721e-13
-5.115907697472721e-13
-5.115907697472721e-13
-5.115907697472721e-13
-5.115907697472721e-13
-5.115907697472721e-13
-5.115907697472721e-13
-5.115907697472721e-13
-5.115907697472721e-13
-5.115907697472721e-13
-5.115907697472721e-13
-5.115907697472721e-13
-5.115907697472721e-13
-5.115907697472721e-13
-5.115907697472721e-13
-5.115907697472721e-13
-5.115907697472721e-13
-5.115907697472721e-13
-5.115907697472721e-13
-5.115907697472721e-13
-5.115907697472721e-13
-5.115907697472721e-13
-5.115907697472721e-13
-5.115907697472721e-13
-5.115907697472721e-13
-5.115907697472721e-13
-5.115907697472721e-13
-5.115907697472721e-13
-5.115907697472721e-13
-5.115907697472721e-13
-5.115907697472721e-13
-5.115907697472721e-13
-5.115907697472721e-13
-5.115907697472721e-13
-5.115907697472721e-13
-5.115907697472721e-13
-5.115907697472721e-13
-5.115907697472721e-13
-5.115907697472721e-13
-5.115907697472721e-13
-5.115907697472721e-13
-5.115907697472721e-13
-5.115907697472721e-13
-5.115907697472721e-13
-5.115907697472721e-13
-5.115907697472721e-13
-5.115907697472721e-13
-5.115907697472721e-13
-5.115907697472721e-13
-5.115907697472721e-13
-5.115907697472721e-13
-5.115907697472721e-13
-5.115907697472721e-13
-5.115907697472721e-13
-5.115907697472721e-13
-5.115907697472721e-13
-5.115907697472721e-13
-5.115907697472721e-13
-5.115907697472721e-13
-5.115907697472721e-13
-5.115907697472721e-13
-5.115907697472721e-13
-5.115907697472721e-13
-5.115907697472721e-13
-5.115907697472721e-13
-5.115907697472721e-13
-5.115907697472721e-13
-5.115907697472721e-13
-5.115907697472721e-13
-5.115907697472721e-13
-5.115907697472721e-13
-5.115907697472721e-13
-5.115907697472721e-13
-5.115907697472721e-13
-5.115907697472721e-13
-5.115907697472721e-13
-5.115907697472721e-13
-5.115907697472721e-13
-5.115907697472721e-13
-5.115907697472721e-13
-5.115907697472721e-13
-5.115907697472721e-13
-5.115907697472721e-13
-5.115907697472721e-13
-5.115907697472721e-13
-5.115907697472721e-13
-5.115907697472721e-13
-5.115907697472721e-13
-5.115907697472721e-13
-5.115907697472721e-13
-5.115907697472721e-13
-5.115907697472721e-13
-5.115907697472721e-13
-5.115907697472721e-13
-5.115907697472721e-13
-5.115907697472721e-13
-5.115907697472721e-13
-5.115907697472721e-13
-5.115907697472721e-13
-5.115907697472721e-13
-5.115907697472721e-13
-5.115907697472721e-13
-5.115907697472721e-13
-5.115907697472721e-13
-5.115907697472721e-13
-5.115907697472721e-13
-5.115907697472721e-13
-5.115907697472721e-13
-5.115907697472721e-13
-5.115907697472721e-13
-5.115907697472721e-13
-5.115907697472721e-13
-5.115907697472721e-13
-5.115907697472721e-13
-5.115907697472721e-13
-5.115907697472721e-13
-5.115907697472721e-13
-5.115907697472721e-13
-5.115907697472721e-13
-5.115907697472721e-13
-5.115907697472721e-13
-5.115907697472721e-13
-5.115907697472721e-13
-5.115907697472721e-13
-5.115907697472721e-13
-5.115907697472721e-13
-5.115907697472721e-13
-5.115907697472721e-13
-5.115907697472721e-13
-5.115907697472721e-13
-5.115907697472721e-13
-5.115907697472721e-13
-5.115907697472721e-13
-5.115907697472721e-13
-5.115907697472721e-13
-5.115907697472721e-13
-5.115907697472721e-13
-5.115907697472721e-13
-5.115907697472721e-13
-5.115907697472721e-13
-5.115907697472721e-13
-5.115907697472721e-13
-5.115907697472721e-13
-5.115907697472721e-13
-5.115907697472721e-13
-5.115907697472721e-13
-5.115907697472721e-13
-5.115907697472721e-13
-5.115907697472721e-13
-5.115907697472721e-13
-5.115907697472721e-13
-5.115907697472721e-13
-5.115907697472721e-13
-5.115907697472721e-13
-5.115907697472721e-13
-5.115907697472721e-13
-5.115907697472721e-13
-5.115907697472721e-13
-5.115907697472721e-13
-5.115907697472721e-13
-5.115907697472721e-13
-5.115907697472721e-13
-5.115907697472721e-13
-5.115907697472721e-13
-5.115907697472721e-13
-5.115907697472721e-13
-5.115907697472721e-13
-5.115907697472721e-13
-5.115907697472721e-13
-5.115907697472721e-13
-5.115907697472721e-13
-5.115907697472721e-13
-5.115907697472721e-13
-5.115907697472721e-13
-5.115907697472721e-13
-5.115907697472721e-13
-5.115907697472721e-13
-5.115907697472721e-13
-5.115907697472721e-13
-5.115907697472721e-13
-5.115907697472721e-13
-5.115907697472721e-13
-5.115907697472721e-13
-5.115907697472721e-13
-5.115907697472721e-13
-5.115907697472721e-13
-5.115907697472721e-13
-5.115907697472721e-13
-5.115907697472721e-13
-5.115907697472721e-13
-5.115907697472721e-13
-5.115907697472721e-13
-5.115907697472721e-13
-5.115907697472721e-13
-5.115907697472721e-13
-5.115907697472721e-13
-5.115907697472721e-13
-5.115907697472721e-13
-5.115907697472721e-13
-5.115907697472721e-13
-5.115907697472721e-13
-5.115907697472721e-13
-5.115907697472721e-13
-5.115907697472721e-13
-5.115907697472721e-13
-5.115907697472721e-13
-5.115907697472721e-13
-5.115907697472721e-13
-5.115907697472721e-13
-5.115907697472721e-13
-5.115907697472721e-13
-5.115907697472721e-13
-5.115907697472721e-13
-5.115907697472721e-13
-5.115907697472721e-13
-5.115907697472721e-13
-5.115907697472721e-13
-5.115907697472721e-13
-5.115907697472721e-13
-5.115907697472721e-13
-5.115907697472721e-13
-5.115907697472721e-13
-5.115907697472721e-13
-5.115907697472721e-13
-5.115907697472721e-13
-5.115907697472721e-13
-5.115907697472721e-13
-5.115907697472721e-13
-5.115907697472721e-13
-5.115907697472721e-13
-5.115907697472721e-13
-5.115907697472721e-13
-5.115907697472721e-13
-5.115907697472721e-13
-5.115907697472721e-13
-5.115907697472721e-13
-5.115907697472721e-13
-5.115907697472721e-13
-5.115907697472721e-13
-5.115907697472721e-13
-5.115907697472721e-13
-5.115907697472721e-13
-5.115907697472721e-13
-5.115907697472721e-13
-5.115907697472721e-13
-5.115907697472721e-13
-5.115907697472721e-13
-5.115907697472721e-13
-5.115907697472721e-13
-5.115907697472721e-13
-5.115907697472721e-13
-5.115907697472721e-13
-5.115907697472721e-13
-5.115907697472721e-13
-5.115907697472721e-13
-5.115907697472721e-13
-5.115907697472721e-13
-5.115907697472721e-13
-5.115907697472721e-13
-5.115907697472721e-13
-5.115907697472721e-13
-5.115907697472721e-13
-5.115907697472721e-13
-5.115907697472721e-13
-5.115907697472721e-13
-5.115907697472721e-13
-5.115907697472721e-13
-5.115907697472721e-13
-5.115907697472721e-13
-5.115907697472721e-13
-5.115907697472721e-13
-5.115907697472721e-13
-5.115907697472721e-13
-5.115907697472721e-13
-5.115907697472721e-13
-5.115907697472721e-13
-5.115907697472721e-13
-5.115907697472721e-13
-5.115907697472721e-13
-5.115907697472721e-13
-5.115907697472721e-13
-5.115907697472721e-13
-5.115907697472721e-13
-5.115907697472721e-13
-5.115907697472721e-13
-5.115907697472721e-13
-5.115907697472721e-13
-5.115907697472721e-13
-5.115907697472721e-13
-5.115907697472721e-13
-5.115907697472721e-13
-5.115907697472721e-13
-5.115907697472721e-13
-5.115907697472721e-13
-5.115907697472721e-13
-5.115907697472721e-13
-5.115907697472721e-13
-5.115907697472721e-13
-5.115907697472721e-13
-5.115907697472721e-13
-5.115907697472721e-13
-5.115907697472721e-13
-5.115907697472721e-13
-5.115907697472721e-13
-5.115907697472721e-13
-5.115907697472721e-13
-5.115907697472721e-13
-5.115907697472721e-13
-5.115907697472721e-13
-5.115907697472721e-13
-5.115907697472721e-13
-5.115907697472721e-13
-5.115907697472721e-13
-5.115907697472721e-13
-5.115907697472721e-13
-5.115907697472721e-13
-5.115907697472721e-13
-5.115907697472721e-13
-5.115907697472721e-13
-5.115907697472721e-13
-5.115907697472721e-13
-5.115907697472721e-13
-5.115907697472721e-13
-5.115907697472721e-13
-5.115907697472721e-13
-5.115907697472721e-13
-5.115907697472721e-13
-5.115907697472721e-13
-5.115907697472721e-13
-5.115907697472721e-13
-5.115907697472721e-13
-5.115907697472721e-13
-5.115907697472721e-13
-5.115907697472721e-13
-5.115907697472721e-13
-5.115907697472721e-13
-5.115907697472721e-13
-5.115907697472721e-13
-5.115907697472721e-13
-5.115907697472721e-13
-5.115907697472721e-13
-5.115907697472721e-13
-5.115907697472721e-13
-5.115907697472721e-13
-5.115907697472721e-13
-5.115907697472721e-13
-5.115907697472721e-13
-5.115907697472721e-13
-5.115907697472721e-13
-5.115907697472721e-13
-5.115907697472721e-13
-5.115907697472721e-13
-5.115907697472721e-13
-5.115907697472721e-13
-5.115907697472721e-13
-5.115907697472721e-13
-5.115907697472721e-13
-5.115907697472721e-13
-5.115907697472721e-13
-5.115907697472721e-13
-5.115907697472721e-13
-5.115907697472721e-13
-5.115907697472721e-13
-5.115907697472721e-13
-5.115907697472721e-13
-5.115907697472721e-13
-5.115907697472721e-13
-5.115907697472721e-13
-5.115907697472721e-13
-5.115907697472721e-13
-5.115907697472721e-13
-5.115907697472721e-13
-5.115907697472721e-13
-5.115907697472721e-13
-5.115907697472721e-13
-5.115907697472721e-13
-5.115907697472721e-13
-5.115907697472721e-13
-5.115907697472721e-13
-5.115907697472721e-13
-5.115907697472721e-13
-5.115907697472721e-13
-5.115907697472721e-13
-5.115907697472721e-13
-5.115907697472721e-13
-5.115907697472721e-13
-5.115907697472721e-13
-5.115907697472721e-13
-5.115907697472721e-13
-5.115907697472721e-13
-5.115907697472721e-13
-5.115907697472721e-13
-5.115907697472721e-13
-5.115907697472721e-13
-5.115907697472721e-13
-5.115907697472721e-13
-5.115907697472721e-13
-5.115907697472721e-13
-5.115907697472721e-13
-5.115907697472721e-13
-5.115907697472721e-13
-5.115907697472721e-13
-5.115907697472721e-13
-5.115907697472721e-13
-5.115907697472721e-13
-5.115907697472721e-13
-5.115907697472721e-13
-5.115907697472721e-13
-5.115907697472721e-13
-5.115907697472721e-13
-5.115907697472721e-13
-5.115907697472721e-13
-5.115907697472721e-13
-5.115907697472721e-13
-5.115907697472721e-13
-5.115907697472721e-13
-5.115907697472721e-13
-5.115907697472721e-13
-5.115907697472721e-13
-5.115907697472721e-13
-5.115907697472721e-13
-5.115907697472721e-13
-5.115907697472721e-13
-5.115907697472721e-13
-5.115907697472721e-13
-5.115907697472721e-13
-5.115907697472721e-13
-5.115907697472721e-13
-5.115907697472721e-13
-5.115907697472721e-13
-5.115907697472721e-13
-5.115907697472721e-13
-5.115907697472721e-13
-5.115907697472721e-13
-5.115907697472721e-13
-5.115907697472721e-13
-5.115907697472721e-13
-5.115907697472721e-13
-5.115907697472721e-13
-5.115907697472721e-13
-5.115907697472721e-13
-5.115907697472721e-13
-5.115907697472721e-13
-5.115907697472721e-13
-5.115907697472721e-13
-5.115907697472721e-13
-5.115907697472721e-13
-5.115907697472721e-13
-5.115907697472721e-13
-5.115907697472721e-13
-5.115907697472721e-13
-5.115907697472721e-13
-5.115907697472721e-13
-5.115907697472721e-13
-5.115907697472721e-13
-5.115907697472721e-13
-5.115907697472721e-13
-5.115907697472721e-13
-5.115907697472721e-13
-5.115907697472721e-13
-5.115907697472721e-13
-5.115907697472721e-13
-5.115907697472721e-13
-5.115907697472721e-13
-5.115907697472721e-13
-5.115907697472721e-13
-5.115907697472721e-13
-5.115907697472721e-13
-5.115907697472721e-13
-5.115907697472721e-13
-5.115907697472721e-13
-5.115907697472721e-13
-5.115907697472721e-13
-5.115907697472721e-13
-5.115907697472721e-13
-5.115907697472721e-13
-5.115907697472721e-13
-5.115907697472721e-13
-5.115907697472721e-13
-5.115907697472721e-13
-5.115907697472721e-13
-5.115907697472721e-13
-5.115907697472721e-13
-5.115907697472721e-13
-5.115907697472721e-13
-5.115907697472721e-13
-5.115907697472721e-13
-5.115907697472721e-13
-5.115907697472721e-13
-5.115907697472721e-13
-5.115907697472721e-13
-5.115907697472721e-13
-5.115907697472721e-13
-5.115907697472721e-13
-5.115907697472721e-13
-5.115907697472721e-13
-5.115907697472721e-13
-5.115907697472721e-13
-5.115907697472721e-13
-5.115907697472721e-13
-5.115907697472721e-13
-5.115907697472721e-13
-5.115907697472721e-13
-5.115907697472721e-13
-5.115907697472721e-13
-5.115907697472721e-13
-5.115907697472721e-13
-5.115907697472721e-13
-5.115907697472721e-13
-5.115907697472721e-13
-5.115907697472721e-13
-5.115907697472721e-13
-5.115907697472721e-13
-5.115907697472721e-13
-5.115907697472721e-13
-5.115907697472721e-13
-5.115907697472721e-13
-5.115907697472721e-13
-5.115907697472721e-13
-5.115907697472721e-13
-5.115907697472721e-13
-5.115907697472721e-13
-5.115907697472721e-13
-5.115907697472721e-13
-5.115907697472721e-13
-5.115907697472721e-13
-5.115907697472721e-13
-5.115907697472721e-13
-5.115907697472721e-13
-5.115907697472721e-13
-5.115907697472721e-13
-5.115907697472721e-13
-5.115907697472721e-13
-5.115907697472721e-13
-5.115907697472721e-13
-5.115907697472721e-13
-5.115907697472721e-13
-5.115907697472721e-13
-5.115907697472721e-13
-5.115907697472721e-13
-5.115907697472721e-13
-5.115907697472721e-13
-5.115907697472721e-13
-5.115907697472721e-13
-5.115907697472721e-13
-5.115907697472721e-13
-5.115907697472721e-13
-5.115907697472721e-13
-5.115907697472721e-13
-5.115907697472721e-13
-5.115907697472721e-13
-5.115907697472721e-13
-5.115907697472721e-13
-5.115907697472721e-13
-5.115907697472721e-13
-5.115907697472721e-13
-5.115907697472721e-13
-5.115907697472721e-13
-5.115907697472721e-13
-5.115907697472721e-13
-5.115907697472721e-13
-5.115907697472721e-13
-5.115907697472721e-13
-5.115907697472721e-13
-5.115907697472721e-13
-5.115907697472721e-13
-5.115907697472721e-13
-5.115907697472721e-13
-5.115907697472721e-13
-5.115907697472721e-13
-5.115907697472721e-13
-5.115907697472721e-13
-5.115907697472721e-13
-5.115907697472721e-13
-5.115907697472721e-13
-5.115907697472721e-13
-5.115907697472721e-13
-5.115907697472721e-13
-5.115907697472721e-13
-5.115907697472721e-13
-5.115907697472721e-13
-5.115907697472721e-13
-5.115907697472721e-13
-5.115907697472721e-13
-5.115907697472721e-13
-5.115907697472721e-13
-5.115907697472721e-13
-5.115907697472721e-13
-5.115907697472721e-13
-5.115907697472721e-13
-5.115907697472721e-13
-5.115907697472721e-13
-5.115907697472721e-13
-5.115907697472721e-13
-5.115907697472721e-13
-5.115907697472721e-13
-5.115907697472721e-13
-5.115907697472721e-13
-5.115907697472721e-13
-5.115907697472721e-13
-5.115907697472721e-13
-5.115907697472721e-13
-5.115907697472721e-13
-5.115907697472721e-13
-5.115907697472721e-13
-5.115907697472721e-13
-5.115907697472721e-13
-5.115907697472721e-13
-5.115907697472721e-13
-5.115907697472721e-13
-5.115907697472721e-13
-5.115907697472721e-13
-5.115907697472721e-13
-5.115907697472721e-13
-5.115907697472721e-13
-5.115907697472721e-13
-5.115907697472721e-13
-5.115907697472721e-13
-5.115907697472721e-13
-5.115907697472721e-13
-5.115907697472721e-13
-5.115907697472721e-13
-5.115907697472721e-13
-5.115907697472721e-13
-5.115907697472721e-13
-5.115907697472721e-13
-5.115907697472721e-13
-5.115907697472721e-13
-5.115907697472721e-13
-5.115907697472721e-13
-5.115907697472721e-13
-5.115907697472721e-13
-5.115907697472721e-13
-5.115907697472721e-13
-5.115907697472721e-13
-5.115907697472721e-13
-5.115907697472721e-13
-5.115907697472721e-13
-5.115907697472721e-13
-5.115907697472721e-13
-5.115907697472721e-13
-5.115907697472721e-13
-5.115907697472721e-13
-5.115907697472721e-13
-5.115907697472721e-13
-5.115907697472721e-13
-5.115907697472721e-13
-5.115907697472721e-13
-5.115907697472721e-13
-5.115907697472721e-13
